Validation loss: 0.01498
Validation accuracy: 0.99652



Classification Report


              precision    recall  f1-score   support

           A       1.00      1.00      1.00       878
           B       1.00      1.00      1.00       662
           C       0.99      1.00      0.99       767
           D       0.99      1.00      1.00       570
           E       1.00      1.00      1.00       449
           F       1.00      1.00      1.00       407
           G       1.00      1.00      1.00       742
           H       1.00      1.00      1.00       595
           I       1.00      1.00      1.00       587
           J       1.00      1.00      1.00       496
           K       1.00      0.99      1.00       456
           L       1.00      1.00      1.00       402
           M       1.00      0.99      0.99       294
           N       1.00      1.00      1.00       306
           O       1.00      0.99      0.99       748
           P       0.99      1.00      0.99       344
           Q       1.00      0.99      1.00       585
           R       1.00      0.99      0.99       517
           S       0.99      0.99      0.99       343
           T       1.00      1.00      1.00       519
           U       1.00      1.00      1.00       488
           V       0.99      1.00      1.00       516
           W       1.00      1.00      1.00       405
           X       1.00      0.99      1.00       995
           Y       1.00      0.99      1.00       529
           Z       0.99      1.00      0.99       469
       space       1.00      1.00      1.00       338
      delete       1.00      1.00      1.00       302
        send       1.00      1.00      1.00       507

    accuracy                           1.00     15216
   macro avg       1.00      1.00      1.00     15216
weighted avg       1.00      1.00      1.00     15216
